1:2366.63 4143.48 -1144.82 1043.67 -31.1297 -1033.92 654.454 -488.417 374.885 42.3034 9.76016 36.8545 -356.404 -73.534 19.3524 73.7601 35.434 -526.339 -3.12267 505.166 
2:2280.37 4091.34 -1246.03 1151.73 -4.3797 -1028.45 526.76 -338.585 334.002 -128.297 50.6497 -51.7227 -294.028 -9.82912 -63.8371 -62.7104 -22.202 552.962 -1.89291 575.91 
3:879.402 4778.15 -691.999 -1615.43 -317.191 1688.8 -402.328 -1522.89 -82.7161 -141.105 95.289 -17.9304 -19.232 73.1803 -105.908 -18.1927 -29.1675 7.59741 -7.36425 1645.81 
4:1980.83 4185.72 -1333.4 472.934 -112.379 -11.756 -81.0731 749.134 93.3577 -11.8124 6.00334 -31.3079 1243.97 236.277 -55.5247 -1.79394 -27.4668 -37.2234 3.09956 341.989 
5:1557.99 4219.34 -1025.48 -286.889 -17.5436 796.378 -884.539 1679.44 -323.489 169.75 -96.8837 39.6961 -646.583 -178.698 124.016 11.4722 17.2791 -3.92778 6.00182 483 
6:4780.04 -2866.82 1590.02 -186.481 -1070.84 -164.504 -145.718 50.8336 -187.286 -426.836 -229.293 1105.28 -12.5004 53.7885 -265.635 40.7541 -7.96322 7.63335 -152.061 -2717.38 
7:5050.14 -2808.57 1750.87 -195.301 -801.339 -156.579 -353.19 -113.282 56.6524 388.179 134.697 -765.444 29.2444 -34.3094 220.431 -17.0028 19.5169 2.8707 -429.952 -3263.38 
8:5050.91 -2829.11 1732.37 -184.486 -915.877 -179.621 -308.745 -94.562 -57.5275 148.32 74.2116 -317.236 1.2273 3.2967 23.2177 -28.6358 -8.25603 -4.05255 571.321 -3031.37 
9:3358.91 -1613.25 1596.51 1095.8 3432.45 421.223 -172.441 -254.841 -404.671 -64.3771 -71.6684 61.3856 44.9931 -18.4692 34.7531 -1.19109 -0.709282 -3.37908 4.05979 -2100.36 
10:-2968.16 2720.38 4094.11 -3111.81 792.246 -1067.08 394.898 297.497 250.585 -74.8309 66.7918 45.0549 56.0138 -47.7883 85.3315 3.73977 19.8089 13.6485 5.65157 565.02 
11:-1737.22 -2260.25 -2275.76 -479.129 293.307 -153.99 -221.621 -125.346 239.257 906.796 212.178 290.506 1.74641 260.873 -92.735 -189.79 553.55 29.8626 10.1798 804.576 
12:-1844.65 -2347.95 -2190.04 -494.749 273.683 -259.226 -213.846 -138.982 248.736 929.654 142.367 317.196 -28.2959 139.306 133.615 103.862 -571.616 11.6117 2.52565 541.799 
13:-1793.41 -1799.54 -2569.45 -306.643 -246.645 -312.308 -88.2693 -342.491 -501.098 -572.782 -418.587 135.69 177.084 -342.867 841.609 -79.0892 83.9924 20.0826 25.4604 355.018 
14:-2062.66 -2280.53 -2099.23 -458.903 188.391 -376.431 -469.179 4.19342 -100.327 -410.513 -101.188 -342.066 -10.8438 -65.9004 -363.749 749.852 102.092 29.8948 -0.791448 473.479 
15:-2138.89 -2419.21 -2054.03 -432.803 228.388 -502.078 -500.767 184.417 -156.358 -750.64 83.7965 -356.736 -126.997 125.127 -452.617 -576.3 -152.954 -101.715 -33.8591 547.297 
16:-4007.51 -104.354 2023.65 1331.96 -435.04 317.14 -51.4995 113.664 -24.0822 -452.794 499.515 16.1494 -212.077 972.007 326.505 114.114 10.8953 -13.0589 1.25326 683.793 
17:-3871.54 -776.772 1967.24 1248.09 -168.06 600.806 -639.629 -29.0742 1715.17 -67.5255 -534.468 7.38714 60.1588 -370.586 -29.3668 -62.301 5.90449 1.1432 11.9953 531.025 
18:-3883.31 886.154 1684.63 757.121 -575.928 67.3235 656.241 -140.749 -1151.46 568.536 -1024.81 -199.109 -12.3105 139.055 -227.674 -55.3017 -20.2623 5.15571 -6.84928 1242.15 
19:-3930.57 238.211 1488.64 1220.94 -518.676 117.006 66.445 -71.543 -730.842 125.119 992.489 140.044 163.059 -779.878 -126.257 -12.5874 0.252089 0.398094 -8.79551 1744.1 
20:932.695 -3156.41 -1297.82 -569.613 6.56441 1237.27 2234.05 581.589 407.21 -177.143 109.146 -113.686 -58.222 -81.0521 -25.5246 7.3406 -8.12784 6.83416 3.14077 72.3598 
